DecisionTree: 0.576330739414741 	 7.385	 103.095 
GradientBoosting: 0.8643170115226887 	 4.519618342434715	 33.016881323287365 
AdaBoost Regressor: 0.8540728930494863 	 4.662824456939589	 35.50966872196688 
DecisionTree: 0.6178161769782328 	 7.26	 93.0 
GradientBoosting: 0.6154856805602454 	 7.2926629310806605	 93.56709926955877 
AdaBoost Regressor: 0.8457479932935443 	 4.814217533471936	 37.53543650873819 
